$ 1 0.000005 19.867427341514983 56 5 50 5e-11 
151 448 288 544 288 0 2 5 5 
151 352 304 448 304 0 2 0 5 
151 128 320 240 320 0 2 5 5 
151 -96 336 16 336 0 2 0 5 
368 1104 288 1104 208 0 0 
w 352 288 304 288 0 
w 304 288 304 256 0 
w 304 256 224 256 0 
x -90 247 37 250 4 24 ESTOP_EN 
f 1104 288 1184 288 32 1.5 0.02 
g 1184 368 1184 400 0 0 
x 1031 274 1094 277 4 24 GATE 
w 240 320 352 320 0 
w 128 304 128 256 0 
w 128 256 224 256 0 
w 16 336 128 336 0 
R -176 256 -176 192 0 0 40 5 0 0 0.5 
r -176 320 -176 256 0 1000 
w -176 320 -96 320 0 
x -368 305 -269 308 4 24 FAULT_n 
w -96 352 -96 432 0 
w -96 432 240 432 0 
w 240 320 240 432 0 
w 656 576 656 640 0 
w 592 576 656 576 0 
g 624 768 624 784 0 0 
c 448 704 400 704 0 0.000001 2.4158453015843406e-13 0.001 
w 448 576 496 576 0 
r 448 576 448 704 0 1000 
R 448 576 368 576 0 0 40 5 0 0 0.5 
w 496 576 592 576 0 
r 496 640 496 576 0 1000 
g 496 784 496 800 0 0 
c 496 736 496 784 0 0.000029999999999999997 0.04950495049505096 0.001 
w 496 640 496 736 0 
w 528 640 496 640 0 
w 528 640 528 736 0 
165 528 608 640 608 4 0 
w 400 704 304 704 0 
w 448 304 448 272 0 
f 816 464 896 464 32 1.5 0.02 
w 704 672 704 464 0 
r 768 544 768 464 0 10000 
r 1008 288 1008 384 0 100000 
g 1008 384 1008 432 0 0 
368 304 704 224 704 0 0 
w 448 704 528 704 0 
w 544 288 544 464 0 
w 544 464 320 464 0 
w 320 464 304 464 0 
w 304 464 304 704 0 
w 912 288 1008 288 0 
w 896 400 896 288 0 
w 896 288 912 288 0 
w 768 464 816 464 0 
w 896 400 896 448 0 
g 896 544 896 624 0 0 
r 544 288 624 288 0 4700 
w 656 672 704 672 0 
w 704 464 768 464 0 
w 768 544 896 544 0 
w 896 480 896 544 0 
f 1008 112 1008 32 41 1.5 0.02 
R 688 -32 608 -32 0 0 40 80 0 0 0.5 
350 864 -32 1024 -32 0 1000 1 -40 150 0.3416 Temperature 
w 688 -32 688 32 0 
w 864 32 912 32 0 
w 1024 32 1024 -32 0 
w 1184 304 1184 368 0 
w 1088 -32 1184 -32 0 
w 912 32 912 112 0 
r 912 112 1008 112 0 10000 
368 1008 112 1072 112 0 0 
g 1008 192 1008 240 0 0 
370 1024 -32 1088 -32 1 0 0 
370 800 -32 864 -32 1 0 0 
370 800 32 864 32 1 0 0 
w 688 -32 800 -32 0 
w 688 32 800 32 0 
f 960 176 1008 176 32 1.5 0.02 
w 624 288 672 288 0 
w 1008 112 1008 160 0 
w 912 32 992 32 0 
w 1008 288 1104 288 0 
150 752 176 880 176 0 2 5 5 
r 672 288 672 192 0 10000 
w 624 288 624 160 0 
w 624 160 752 160 0 
c 752 192 752 240 0 0.00001 4.774565281320906 0.001 
g 752 240 752 256 0 0 
w 880 176 960 176 0 
w 752 288 896 288 0 
d 704 192 704 288 2 default 
w 672 192 704 192 0 
w 704 192 752 192 0 
w 672 288 704 288 0 
w 704 288 752 288 0 
g 1264 416 1264 448 0 0 
426 1264 96 1264 336 4 Q1 0.05 1000000 0 
R 1184 128 1184 96 0 0 40 24 0 0 0.5 
425 1184 128 1184 272 0 Q1 0.2 0.10722813506304832 0.02 20 0.015 0.005 0 2 1 
w 1184 -32 1264 -32 0 
w 1264 -32 1264 96 0 
r 1264 336 1264 416 0 1 
L -176 320 -336 320 0 1 false 5 0 
L 128 256 -32 256 0 1 false 5 0 
o 58 64 0 4099 0.0000762939453125 0.00009765625 0 2 58 3 

